[gd_scene load_steps=20 format=3 uid="uid://cqxdr2yhulmfl"]

[ext_resource type="PackedScene" uid="uid://8hr38yv7or1i" path="res://Scenes/Enviroment/Ground.tscn" id="1_l1vwk"]
[ext_resource type="PackedScene" uid="uid://cea2pne3vt68y" path="res://Scenes/elementos_lado.tscn" id="2_dlmj5"]
[ext_resource type="PackedScene" uid="uid://dvutajdsd780m" path="res://Scenes/Enviroment/externo/base/temple_pillars/temple_door.tscn" id="3_7s1fw"]
[ext_resource type="PackedScene" uid="uid://bmkr6g26ix3ow" path="res://Scenes/Enviroment/externo/base/rocks/rock_big.tscn" id="3_jrtpm"]
[ext_resource type="PackedScene" uid="uid://7ffcufm7droq" path="res://Scenes/Enviroment/externo/base/stairs/temple_stairs_1.tscn" id="5_lpifj"]
[ext_resource type="PackedScene" uid="uid://dlqgqkvrdxx05" path="res://Scenes/Enviroment/externo/base/ground_tiles/temple_tiles_detail_1.tscn" id="6_blf05"]
[ext_resource type="PackedScene" uid="uid://b8hwrwq5s346g" path="res://Scenes/Enviroment/externo/base/ground_tiles/temple_tiles_detail_2.tscn" id="7_xcyn5"]
[ext_resource type="PackedScene" uid="uid://efdytypf3lx8" path="res://Scenes/Enviroment/externo/base/ground_tiles/temple_tiles_detail_3.tscn" id="8_3hvgn"]
[ext_resource type="PackedScene" uid="uid://dc6c0goa8eu1s" path="res://Scenes/Enviroment/externo/base/ground_tiles/temple_tiles_detail_5.tscn" id="10_r12mc"]
[ext_resource type="PackedScene" uid="uid://mw3w7v0siqev" path="res://Scenes/Enviroment/externo/base/ground_tiles/temple_tiles_detail_6.tscn" id="11_rfdx1"]
[ext_resource type="PackedScene" uid="uid://mqvduda8rw6q" path="res://Scenes/Enviroment/externo/base/ground_tiles/temple_tiles_detail_7.tscn" id="12_364hr"]
[ext_resource type="PackedScene" uid="uid://dc2kquulamku3" path="res://Scenes/Enviroment/externo/base/temple_pillars/templearc_bottom.tscn" id="12_rp2b3"]
[ext_resource type="PackedScene" uid="uid://bqn01vvlql12f" path="res://Scenes/Enviroment/externo/base/temple_pillars/templearc_top.tscn" id="13_ik37j"]
[ext_resource type="PackedScene" uid="uid://oxp303ddd6nh" path="res://Scenes/Enviroment/externo/base/temple_pillars/templearc_side_1.tscn" id="14_3536b"]

[sub_resource type="Gradient" id="Gradient_jfiru"]
offsets = PackedFloat32Array(0, 0.0518519, 1)
colors = PackedColorArray(0, 0, 0, 1, 0.0781739, 8.52155e-05, 0.229848, 1, 1, 1, 1, 1)

[sub_resource type="GradientTexture1D" id="GradientTexture1D_65uhl"]
gradient = SubResource("Gradient_jfiru")

[sub_resource type="ProceduralSkyMaterial" id="ProceduralSkyMaterial_eg183"]
sky_top_color = Color(0, 0.34902, 0.447059, 1)
sky_horizon_color = Color(0.721569, 0.423529, 0, 1)
ground_horizon_color = Color(0.384314, 0.392157, 0.407843, 1)

[sub_resource type="Sky" id="Sky_v45cf"]
sky_material = SubResource("ProceduralSkyMaterial_eg183")

[sub_resource type="Environment" id="Environment_vctvg"]
background_mode = 2
sky = SubResource("Sky_v45cf")
ambient_light_color = Color(1, 1, 1, 1)
ambient_light_energy = 1.27
tonemap_mode = 2
ssr_enabled = true
ssao_enabled = true
ssao_radius = 3.7
ssao_intensity = 4.7
ssil_enabled = true
ssil_intensity = 0.33
sdfgi_bounce_feedback = 0.29
glow_normalized = true
glow_bloom = 0.09
glow_blend_mode = 1
fog_light_color = Color(0.517647, 0.552941, 0.607843, 1)
fog_density = 0.001
volumetric_fog_enabled = true
volumetric_fog_density = 0.0
volumetric_fog_gi_inject = 0.0
volumetric_fog_ambient_inject = 0.56
adjustment_enabled = true
adjustment_color_correction = SubResource("GradientTexture1D_65uhl")

[node name="bg" type="Node3D"]
transform = Transform3D(4, 0, 0, 0, 4, 0, 0, 0, 4, 0, 0, 0)

[node name="WorldEnvironment" type="WorldEnvironment" parent="."]
environment = SubResource("Environment_vctvg")

[node name="DirectionalLight3D" type="DirectionalLight3D" parent="."]
transform = Transform3D(-0.0302887, 0.0915293, 0.230662, 0.0920323, -0.21166, 0.0960739, 0.230462, 0.0965533, -0.00805095, 0, 0, 0)
shadow_enabled = true
shadow_bias = 0.0
shadow_opacity = 0.62
directional_shadow_split_1 = 0.201
directional_shadow_split_2 = 0.362
directional_shadow_blend_splits = true
directional_shadow_max_distance = 2901.3

[node name="Ground" parent="." instance=ExtResource("1_l1vwk")]
transform = Transform3D(1, 0, 0, 0, 1, 0, 0, 0, 1, 0, 0, -0.303999)

[node name="elementos_lado" parent="." instance=ExtResource("2_dlmj5")]
transform = Transform3D(0.990505, 0, 0.137479, 0, 1, 0, -0.137479, 0, 0.990505, 7.61294, -0.0762934, -6.87652)

[node name="elementos_lado2" parent="." instance=ExtResource("2_dlmj5")]
transform = Transform3D(-0.989543, 0, -0.144235, 0, 1, 0, 0.144235, 0, -0.989543, -7.27876, -0.0762896, -2.34838)

[node name="Saida" type="Node3D" parent="."]
transform = Transform3D(-0.842358, 0, -0.538918, 0, 1, 0, 0.538918, 0, -0.842358, 36.9897, -3.8147e-06, 1.00043)

[node name="temple_door" parent="Saida" instance=ExtResource("3_7s1fw")]
transform = Transform3D(0.224042, 0, 0.331369, 0, 0.4, 0, -0.331369, 0, 0.224042, -1.13658, 5.64631, -0.17034)

[node name="rock_big" parent="Saida" instance=ExtResource("3_jrtpm")]
transform = Transform3D(-0.842358, 0.213892, 0.494654, 0, 0.917865, -0.396892, -0.538918, -0.334325, -0.773172, -10.3715, 5.04538, 2.43389)

[node name="rock_big2" parent="Saida" instance=ExtResource("3_jrtpm")]
transform = Transform3D(-0.842358, -0.331405, 0.424974, 0, 0.788569, 0.614946, -0.538918, 0.518005, -0.664258, -1.43162, 8.84162, -7.64911)

[node name="temple_stairs_1" parent="Saida" instance=ExtResource("5_lpifj")]
transform = Transform3D(0.206693, 0, 0.336605, 0, 0.395, 0, -0.336605, 0, 0.206693, -0.123709, 1.56998, 0.531857)

[node name="temple_tiles_detail_1" parent="Saida" instance=ExtResource("6_blf05")]
transform = Transform3D(-0.842358, 0, 0.538918, 0, 1, 0, -0.538918, 0, -0.842358, 1.6716, 0.819976, 4.98489)

[node name="temple_tiles_detail_9" parent="Saida" instance=ExtResource("6_blf05")]
transform = Transform3D(0.83685, 0, -0.547432, 0, 1, 0, 0.547432, 0, 0.83685, 4.96471, 0.819976, 0.14753)

[node name="temple_tiles_detail_2" parent="Saida" instance=ExtResource("7_xcyn5")]
transform = Transform3D(-0.851846, 0, 0.523793, 0, 1, 0, -0.523793, 0, -0.851846, -3.31267, 0.819976, 3.66009)

[node name="temple_tiles_detail_4" parent="Saida" instance=ExtResource("7_xcyn5")]
transform = Transform3D(0.839355, 0, -0.543585, 0, 1, 0, 0.543585, 0, 0.839355, 1.65385, 0.819977, -3.83698)

[node name="temple_tiles_detail_10" parent="Saida" instance=ExtResource("7_xcyn5")]
transform = Transform3D(0.839355, 0, -0.543585, 0, 1, 0, 0.543585, 0, 0.839355, 9.09674, 0.819977, -3.13964)

[node name="temple_tiles_detail_3" parent="Saida" instance=ExtResource("8_3hvgn")]
transform = Transform3D(-0.842358, 0, 0.538918, 0, 1, 0, -0.538918, 0, -0.842358, -5.0987, 0.819976, 6.41838)

[node name="temple_tiles_detail_8" parent="Saida" instance=ExtResource("8_3hvgn")]
transform = Transform3D(-0.842358, 0, 0.538918, 0, 1, 0, -0.538918, 0, -0.842358, 0.236326, 0.819976, 9.83158)

[node name="temple_tiles_detail_5" parent="Saida" instance=ExtResource("10_r12mc")]
transform = Transform3D(-0.842358, 0, 0.538918, 0, 1, 0, -0.538918, 0, -0.842358, 3.53662, 0.819976, -6.83371)

[node name="temple_tiles_detail_6" parent="Saida" instance=ExtResource("11_rfdx1")]
transform = Transform3D(-0.842358, 0, 0.538918, 0, 1, 0, -0.538918, 0, -0.842358, -2.64058, 0.819976, 7.95617)

[node name="temple_tiles_detail_7" parent="Saida" instance=ExtResource("12_364hr")]
transform = Transform3D(-0.842358, 0, 0.538918, 0, 1, 0, -0.538918, 0, -0.842358, 6.17361, 0.819976, -4.94567)

[node name="templearc_bottom" parent="Saida" instance=ExtResource("12_rp2b3")]
transform = Transform3D(-0.842358, 0, 0.538918, 0, 1, 0, -0.538918, 0, -0.842358, -3.83797, 1.65179, 3.37296)

[node name="templearc_bottom2" parent="Saida" instance=ExtResource("12_rp2b3")]
transform = Transform3D(-0.842358, 0, 0.538918, 0, 1, 0, -0.538918, 0, -0.842358, -5.51496, 1.65179, 5.99418)

[node name="templearc_bottom3" parent="Saida" instance=ExtResource("12_rp2b3")]
transform = Transform3D(-0.842358, 0, 0.538918, 0, 1, 0, -0.538918, 0, -0.842358, 0.856863, 1.65179, -3.96535)

[node name="templearc_bottom4" parent="Saida" instance=ExtResource("12_rp2b3")]
transform = Transform3D(-0.842358, 0, 0.538918, 0, 1, 0, -0.538918, 0, -0.842358, 2.57907, 1.65179, -6.65725)

[node name="templearc_top" parent="Saida" instance=ExtResource("13_ik37j")]
transform = Transform3D(0.218622, 0, 0.334969, 0, 0.4, 0, -0.334969, 0, 0.218622, -1.29892, 9.69623, -0.3018)

[node name="templearc_side1" parent="Saida" instance=ExtResource("14_3536b")]
transform = Transform3D(-0.336943, 0, 0.215567, 0, 0.4, 0, -0.215567, 0, -0.336943, -3.26064, 5.12594, 2.3665)

[node name="templearc_side2" parent="Saida" instance=ExtResource("14_3536b")]
transform = Transform3D(-0.336943, 0, 0.215567, 0, 0.4, 0, -0.215567, 0, -0.336943, 0.532932, 5.12594, -3.08165)
