[gd_scene load_steps=4 format=3 uid="uid://bxbygrtd7nse0"]

[ext_resource type="PackedScene" uid="uid://bcydxagauvc7w" path="res://Scenes/Enviroment/arvore.tscn" id="1_144yp"]
[ext_resource type="PackedScene" uid="uid://bmkr6g26ix3ow" path="res://Scenes/Enviroment/externo/base/rocks/rock_big.tscn" id="2_jqgsc"]
[ext_resource type="PackedScene" uid="uid://bvawamfxhcrbe" path="res://Scenes/Enviroment/arbusto.tscn" id="4_r88j1"]

[node name="elementos_lado" type="Node3D"]

[node name="Elementos" type="Node3D" parent="."]
transform = Transform3D(0.480614, 0, -0.137877, 0, 0.5, 0, 0.137877, 0, 0.480614, 0, 0, 0)

[node name="arvores_todas" type="Node3D" parent="Elementos"]
transform = Transform3D(0.489267, 0, -0.103042, 0, 0.5, 0, 0.103042, 0, 0.489267, 0.543033, 0, -28.7826)

[node name="grupo_arvores" type="Node3D" parent="Elementos/arvores_todas"]
transform = Transform3D(1.46946, 0, 0.301129, 0, 1.5, 0, -0.301129, 0, 1.46946, -8.71935, 0, -16.468)

[node name="arvores_01" type="Node3D" parent="Elementos/arvores_todas/grupo_arvores"]
transform = Transform3D(1, 0, 0, 0, 1, 0, 0, 0, 1, -8.58, 0, -3.88391)

[node name="arvore_01" parent="Elementos/arvores_todas/grupo_arvores/arvores_01" instance=ExtResource("1_144yp")]
transform = Transform3D(0.993449, 0, 0.114278, 0, 1, 0, -0.114278, 0, 0.993449, -12.2899, 0.813893, 67.4515)

[node name="arvore_02" parent="Elementos/arvores_todas/grupo_arvores/arvores_01" instance=ExtResource("1_144yp")]
transform = Transform3D(0.757941, 0, -0.652323, 0, 1, 0, 0.652323, 0, 0.757941, -6.65755, 0.813893, 51.3892)

[node name="arvores_02" type="Node3D" parent="Elementos/arvores_todas/grupo_arvores"]
transform = Transform3D(0.632827, 0, -0.774293, 0, 1, 0, 0.774293, 0, 0.632827, 3.95738, 0, -2.16139)

[node name="arvore_01" parent="Elementos/arvores_todas/grupo_arvores/arvores_02" instance=ExtResource("1_144yp")]
transform = Transform3D(1, 0, 0, 0, 1, 0, 0, 0, 1, 27.4454, 0.813893, 36.9994)

[node name="arvore_02" parent="Elementos/arvores_todas/grupo_arvores/arvores_02" instance=ExtResource("1_144yp")]
transform = Transform3D(0.757941, 0, -0.652323, 0, 1, 0, 0.652323, 0, 0.757941, 41.0865, 0.813893, 39.5462)

[node name="arvore_04" parent="Elementos/arvores_todas/grupo_arvores/arvores_02" instance=ExtResource("1_144yp")]
transform = Transform3D(0.0399748, 0, 0.999201, 0, 1, 0, -0.999201, 0, 0.0399748, 46.0012, 0.813893, 49.733)

[node name="grupo_arvores2" type="Node3D" parent="Elementos/arvores_todas"]
transform = Transform3D(1.42305, 0, 0.474268, 0, 1.5, 0, -0.474268, 0, 1.42305, -42.4712, 0, 15.572)

[node name="arvores_01" type="Node3D" parent="Elementos/arvores_todas/grupo_arvores2"]
transform = Transform3D(1, 0, 0, 0, 1, 0, 0, 0, 1, -8.58, 0, -3.88391)

[node name="arvores_02" type="Node3D" parent="Elementos/arvores_todas/grupo_arvores2"]
transform = Transform3D(0.632827, 0, -0.774293, 0, 1, 0, 0.774293, 0, 0.632827, 3.95738, 0, -2.16139)

[node name="arvore_01" parent="Elementos/arvores_todas/grupo_arvores2/arvores_02" instance=ExtResource("1_144yp")]
transform = Transform3D(0.993449, 0, 0.114278, 0, 1, 0, -0.114278, 0, 0.993449, 30.2565, 0.813893, 44.7788)

[node name="arvore_02" parent="Elementos/arvores_todas/grupo_arvores2/arvores_02" instance=ExtResource("1_144yp")]
transform = Transform3D(0.827522, 0, -0.561433, 0, 1, 0, 0.561433, 0, 0.827522, 40.5232, 0.813893, 47.3412)

[node name="arvore_03" parent="Elementos/arvores_todas/grupo_arvores2/arvores_02" instance=ExtResource("1_144yp")]
transform = Transform3D(0.828373, 0, 0.560177, 0, 1, 0, -0.560177, 0, 0.828373, 21.2331, 0.813893, 30.723)

[node name="grupo_arvores4" type="Node3D" parent="Elementos/arvores_todas"]
transform = Transform3D(-1.37075, 0, -0.609124, 0, 1.5, 0, 0.609124, 0, -1.37075, -101.056, 0, 18.7321)

[node name="arvores_01" type="Node3D" parent="Elementos/arvores_todas/grupo_arvores4"]
transform = Transform3D(1, 0, 0, 0, 1, 0, 0, 0, 1, -8.58, 0, -3.88391)

[node name="arvores_02" type="Node3D" parent="Elementos/arvores_todas/grupo_arvores4"]
transform = Transform3D(0.632827, 0, -0.774293, 0, 1, 0, 0.774293, 0, 0.632827, 3.95738, 0, -2.16139)

[node name="grupo_arvores3" type="Node3D" parent="Elementos/arvores_todas"]
transform = Transform3D(-1.49684, 0, -0.0972679, 0, 1.5, 0, 0.0972679, 0, -1.49684, 40.2394, -2.28882e-05, -24.7295)

[node name="arvores_01" type="Node3D" parent="Elementos/arvores_todas/grupo_arvores3"]
transform = Transform3D(1, 0, 0, 0, 1, 0, 0, 0, 1, -8.58, 0, -3.88391)

[node name="arvore_01" parent="Elementos/arvores_todas/grupo_arvores3/arvores_01" instance=ExtResource("1_144yp")]
transform = Transform3D(0.993448, 0, 0.114278, 0, 1, 0, -0.114278, 0, 0.993448, -1.26839, 0.813893, -29.317)

[node name="arvore_02" parent="Elementos/arvores_todas/grupo_arvores3/arvores_01" instance=ExtResource("1_144yp")]
transform = Transform3D(0.757941, 0, -0.652323, 0, 1, 0, 0.652323, 0, 0.757941, -0.424889, 0.813893, -40.9759)

[node name="arvore_03" parent="Elementos/arvores_todas/grupo_arvores3/arvores_01" instance=ExtResource("1_144yp")]
transform = Transform3D(0.828373, 0, 0.560177, 0, 1, 0, -0.560177, 0, 0.828373, -4.73891, 0.813893, -52.4509)

[node name="arvores_02" type="Node3D" parent="Elementos/arvores_todas/grupo_arvores3"]
transform = Transform3D(0.632827, 0, -0.774293, 0, 1, 0, 0.774293, 0, 0.632827, 3.95738, 0, -2.16139)

[node name="arvore_01" parent="Elementos/arvores_todas/grupo_arvores3/arvores_02" instance=ExtResource("1_144yp")]
transform = Transform3D(0.993449, 0, 0.114278, 0, 1, 0, -0.114278, 0, 0.993449, -46.3709, 0.813893, -27.0978)

[node name="arvore_02" parent="Elementos/arvores_todas/grupo_arvores3/arvores_02" instance=ExtResource("1_144yp")]
transform = Transform3D(0.827522, 0, -0.561433, 0, 1, 0, 0.561433, 0, 0.827522, -26.1786, 0.813893, -24.5697)

[node name="arvore_03" parent="Elementos/arvores_todas/grupo_arvores3/arvores_02" instance=ExtResource("1_144yp")]
transform = Transform3D(0.828373, 0, 0.560177, 0, 1, 0, -0.560177, 0, 0.828373, -42.4329, 0.813893, -33.7332)

[node name="arvores_03" type="Node3D" parent="Elementos/arvores_todas/grupo_arvores3"]
transform = Transform3D(-0.307689, 0, -0.951487, 0, 1, 0, 0.951487, 0, -0.307689, 14.8486, 0, -2.16139)

[node name="arvore_01" parent="Elementos/arvores_todas/grupo_arvores3/arvores_03" instance=ExtResource("1_144yp")]
transform = Transform3D(0.993449, 0, 0.114278, 0, 1, 0, -0.114278, 0, 0.993449, -54.1693, 0.813893, 20.7455)

[node name="arvore_02" parent="Elementos/arvores_todas/grupo_arvores3/arvores_03" instance=ExtResource("1_144yp")]
transform = Transform3D(0.827522, 0, -0.561433, 0, 1, 0, 0.561433, 0, 0.827522, -46.5955, 0.813893, 19.8743)

[node name="arvore_03" parent="Elementos/arvores_todas/grupo_arvores3/arvores_03" instance=ExtResource("1_144yp")]
transform = Transform3D(0.828373, 0, 0.560177, 0, 1, 0, -0.560177, 0, 0.828373, -44.7772, 0.813893, 9.18176)

[node name="pedras_todas" type="Node3D" parent="Elementos"]

[node name="pedras_menores_4" type="Node3D" parent="Elementos/pedras_todas"]
transform = Transform3D(0.226537, 0, 0.164564, 0, 0.28, 0, -0.164564, 0, 0.226537, -23.4651, 1.16149, -17.99)
visible = false

[node name="pedra" parent="Elementos/pedras_todas/pedras_menores_4" instance=ExtResource("2_jqgsc")]
transform = Transform3D(-0.220425, 0, -0.975404, 0, 1, 0, 0.975404, 0, -0.220425, -16.8281, 4.14243, -11.5614)

[node name="pedra2" parent="Elementos/pedras_todas/pedras_menores_4" instance=ExtResource("2_jqgsc")]
transform = Transform3D(-0.560466, -0.00439405, 0.828166, 6.32486e-10, -0.999986, -0.00530568, 0.828178, -0.00297365, 0.560458, -5.16486, 1, -7.94552)

[node name="pedras_menores_5" type="Node3D" parent="Elementos/pedras_todas"]
transform = Transform3D(0.279999, 0, -0.000718459, 0, 0.28, 0, 0.000718459, 0, 0.279999, -16.8983, 1.21992, -17.3829)

[node name="pedras_menores_6" type="Node3D" parent="Elementos/pedras_todas"]
transform = Transform3D(0.279999, 0, -0.000718459, 0, 0.28, 0, 0.000718459, 0, 0.279999, -3.4652, 1.21992, -22.2645)

[node name="pedras_menores_7" type="Node3D" parent="Elementos/pedras_todas"]
transform = Transform3D(0.247783, 0, -0.130398, 0, 0.28, 0, 0.130398, 0, 0.247783, 6.19012, 1.21992, -19.0548)

[node name="pedras_menores_8" type="Node3D" parent="Elementos/pedras_todas"]
transform = Transform3D(0.247783, 0, -0.130398, 0, 0.28, 0, 0.130398, 0, 0.247783, 15.6249, 1.21992, -13.1802)

[node name="pedra_" type="Node3D" parent="Elementos/pedras_todas"]

[node name="luzes" type="Node3D" parent="Elementos"]
transform = Transform3D(1, 0, 0, 0, 1, 0, 0, 0, 1, -3.75754, 12.75, -9.61228)

[node name="Vermelha" type="Node3D" parent="Elementos/luzes"]
transform = Transform3D(1, 0, 2.98023e-08, 0, 1, 0, -2.98023e-08, 0, 1, -17.25, 4.66968, -33)

[node name="Azul" type="Node3D" parent="Elementos/luzes"]

[node name="arbustos_todos" type="Node3D" parent="Elementos"]

[node name="arbusto_medio" parent="Elementos/arbustos_todos" instance=ExtResource("4_r88j1")]
transform = Transform3D(1.2235, 0, -1.58211, 0, 2, 0, 1.58211, 0, 1.2235, -4.74837, 0.819973, 9.79745)

[node name="arbusto_medio3" parent="Elementos/arbustos_todos" instance=ExtResource("4_r88j1")]
transform = Transform3D(1.2235, 0, -1.58211, 0, 2, 0, 1.58211, 0, 1.2235, 17.0682, 0.819973, 7.70442)

[node name="arbusto_medio2" parent="Elementos/arbustos_todos" instance=ExtResource("4_r88j1")]
transform = Transform3D(0.820933, 0, 1.82375, 0, 2, 0, -1.82375, 0, 0.820933, -17.1337, 0.819973, 10.3992)

[node name="arbusto_medio6" parent="Elementos/arbustos_todos" instance=ExtResource("4_r88j1")]
transform = Transform3D(1.43562, 0, 1.39248, 0, 2, 0, -1.39248, 0, 1.43562, -21.8238, 0.819973, 15.367)

[node name="arbusto_medio7" parent="Elementos/arbustos_todos" instance=ExtResource("4_r88j1")]
transform = Transform3D(1.9869, 0, 0.228557, 0, 2, 0, -0.228557, 0, 1.9869, -25.9802, 0.819973, 10.9663)

[node name="arbusto_medio5" parent="Elementos/arbustos_todos" instance=ExtResource("4_r88j1")]
transform = Transform3D(0.915127, 0, -1.77835, 0, 2, 0, 1.77835, 0, 0.915127, -20.6821, 0.819974, 9.06976)

[node name="arbusto_grande17" parent="Elementos/arbustos_todos" instance=ExtResource("4_r88j1")]
transform = Transform3D(1.95734, 0, -0.410874, 0, 2, 0, 0.410874, 0, 1.95734, 20.8438, 0.819972, 0.0922146)
