[gd_scene load_steps=5 format=3 uid="uid://cea2pne3vt68y"]

[ext_resource type="PackedScene" uid="uid://bcydxagauvc7w" path="res://Scenes/Enviroment/arvore.tscn" id="1_lmm2k"]
[ext_resource type="PackedScene" uid="uid://bmkr6g26ix3ow" path="res://Scenes/Enviroment/externo/base/rocks/rock_big.tscn" id="2_suedx"]
[ext_resource type="PackedScene" uid="uid://jdteth8nguhk" path="res://Scenes/Enviroment/luz.tscn" id="3_g1jaa"]
[ext_resource type="PackedScene" uid="uid://bvawamfxhcrbe" path="res://Scenes/Enviroment/arbusto.tscn" id="4_mll7b"]

[node name="elementos_lado" type="Node3D"]

[node name="Elementos" type="Node3D" parent="."]
transform = Transform3D(0.961228, 0, -0.275755, 0, 1, 0, 0.275755, 0, 0.961228, 0, 0, 0)

[node name="arvores_todas" type="Node3D" parent="Elementos"]
transform = Transform3D(0.489267, 0, -0.103042, 0, 0.5, 0, 0.103042, 0, 0.489267, 0.543033, 0, -28.7826)

[node name="grupo_arvores" type="Node3D" parent="Elementos/arvores_todas"]

[node name="arvores_01" type="Node3D" parent="Elementos/arvores_todas/grupo_arvores"]
transform = Transform3D(1, 0, 0, 0, 1, 0, 0, 0, 1, -8.58, 0, -3.88391)

[node name="arvore_01" parent="Elementos/arvores_todas/grupo_arvores/arvores_01" instance=ExtResource("1_lmm2k")]
transform = Transform3D(1, 0, 0, 0, 1, 0, 0, 0, 1, -6.47439, 0.813893, 1.95969)

[node name="arvore_02" parent="Elementos/arvores_todas/grupo_arvores/arvores_01" instance=ExtResource("1_lmm2k")]
transform = Transform3D(0.757941, 0, -0.652323, 0, 1, 0, 0.652323, 0, 0.757941, 1.14935, 0.813893, 1.95969)

[node name="arvore_03" parent="Elementos/arvores_todas/grupo_arvores/arvores_01" instance=ExtResource("1_lmm2k")]
transform = Transform3D(0.886962, 0, 0.461842, 0, 1, 0, -0.461842, 0, 0.886962, -1.80388, 0.813893, -4.18213)

[node name="arvores_02" type="Node3D" parent="Elementos/arvores_todas/grupo_arvores"]
transform = Transform3D(0.632827, 0, -0.774293, 0, 1, 0, 0.774293, 0, 0.632827, 3.95738, 0, -2.16139)

[node name="arvore_01" parent="Elementos/arvores_todas/grupo_arvores/arvores_02" instance=ExtResource("1_lmm2k")]
transform = Transform3D(1, 0, 0, 0, 1, 0, 0, 0, 1, -6.47439, 0.813893, 1.95969)

[node name="arvore_02" parent="Elementos/arvores_todas/grupo_arvores/arvores_02" instance=ExtResource("1_lmm2k")]
transform = Transform3D(0.757941, 0, -0.652323, 0, 1, 0, 0.652323, 0, 0.757941, 1.14935, 0.813893, 1.95969)

[node name="arvore_03" parent="Elementos/arvores_todas/grupo_arvores/arvores_02" instance=ExtResource("1_lmm2k")]
transform = Transform3D(0.886962, 0, 0.461842, 0, 1, 0, -0.461842, 0, 0.886962, -1.80388, 0.813893, -4.18213)

[node name="arvores_03" type="Node3D" parent="Elementos/arvores_todas/grupo_arvores"]
transform = Transform3D(-0.307689, 0, -0.951487, 0, 1, 0, 0.951487, 0, -0.307689, 14.8486, 0, -2.16139)

[node name="arvore_01" parent="Elementos/arvores_todas/grupo_arvores/arvores_03" instance=ExtResource("1_lmm2k")]
transform = Transform3D(1, 0, 0, 0, 1, 0, 0, 0, 1, -6.47439, 0.813893, 1.95969)

[node name="arvore_02" parent="Elementos/arvores_todas/grupo_arvores/arvores_03" instance=ExtResource("1_lmm2k")]
transform = Transform3D(0.757941, 0, -0.652323, 0, 1, 0, 0.652323, 0, 0.757941, 1.14935, 0.813893, 1.95969)

[node name="arvore_03" parent="Elementos/arvores_todas/grupo_arvores/arvores_03" instance=ExtResource("1_lmm2k")]
transform = Transform3D(0.886962, 0, 0.461842, 0, 1, 0, -0.461842, 0, 0.886962, -1.80388, 0.813893, -4.18213)

[node name="grupo_arvores2" type="Node3D" parent="Elementos/arvores_todas"]
transform = Transform3D(0.856322, 0, 0.516444, 0, 1, 0, -0.516444, 0, 0.856322, -35.8413, 0, 10.317)

[node name="arvores_01" type="Node3D" parent="Elementos/arvores_todas/grupo_arvores2"]
transform = Transform3D(1, 0, 0, 0, 1, 0, 0, 0, 1, -8.58, 0, -3.88391)

[node name="arvore_01" parent="Elementos/arvores_todas/grupo_arvores2/arvores_01" instance=ExtResource("1_lmm2k")]
transform = Transform3D(1, 0, 0, 0, 1, 0, 0, 0, 1, -6.47439, 0.813893, 1.95969)

[node name="arvore_02" parent="Elementos/arvores_todas/grupo_arvores2/arvores_01" instance=ExtResource("1_lmm2k")]
transform = Transform3D(0.757941, 0, -0.652323, 0, 1, 0, 0.652323, 0, 0.757941, 1.14935, 0.813893, 1.95969)

[node name="arvore_03" parent="Elementos/arvores_todas/grupo_arvores2/arvores_01" instance=ExtResource("1_lmm2k")]
transform = Transform3D(0.886962, 0, 0.461842, 0, 1, 0, -0.461842, 0, 0.886962, -1.80388, 0.813893, -4.18213)

[node name="arvores_02" type="Node3D" parent="Elementos/arvores_todas/grupo_arvores2"]
transform = Transform3D(0.632827, 0, -0.774293, 0, 1, 0, 0.774293, 0, 0.632827, 3.95738, 0, -2.16139)

[node name="arvore_01" parent="Elementos/arvores_todas/grupo_arvores2/arvores_02" instance=ExtResource("1_lmm2k")]
transform = Transform3D(1, 0, 0, 0, 1, 0, 0, 0, 1, -6.47439, 0.813893, 1.95969)

[node name="arvore_02" parent="Elementos/arvores_todas/grupo_arvores2/arvores_02" instance=ExtResource("1_lmm2k")]
transform = Transform3D(0.757941, 0, -0.652323, 0, 1, 0, 0.652323, 0, 0.757941, 1.14935, 0.813893, 1.95969)

[node name="arvore_03" parent="Elementos/arvores_todas/grupo_arvores2/arvores_02" instance=ExtResource("1_lmm2k")]
transform = Transform3D(0.886962, 0, 0.461842, 0, 1, 0, -0.461842, 0, 0.886962, -1.80388, 0.813893, -4.18213)

[node name="arvores_03" type="Node3D" parent="Elementos/arvores_todas/grupo_arvores2"]
transform = Transform3D(-0.307689, 0, -0.951487, 0, 1, 0, 0.951487, 0, -0.307689, 14.8486, 0, -2.16139)

[node name="arvore_01" parent="Elementos/arvores_todas/grupo_arvores2/arvores_03" instance=ExtResource("1_lmm2k")]
transform = Transform3D(1, 0, 0, 0, 1, 0, 0, 0, 1, -6.47439, 0.813893, 1.95969)

[node name="arvore_02" parent="Elementos/arvores_todas/grupo_arvores2/arvores_03" instance=ExtResource("1_lmm2k")]
transform = Transform3D(0.757941, 0, -0.652323, 0, 1, 0, 0.652323, 0, 0.757941, 1.14935, 0.813893, 1.95969)

[node name="arvore_03" parent="Elementos/arvores_todas/grupo_arvores2/arvores_03" instance=ExtResource("1_lmm2k")]
transform = Transform3D(0.886962, 0, 0.461842, 0, 1, 0, -0.461842, 0, 0.886962, -1.80388, 0.813893, -4.18213)

[node name="grupo_arvores4" type="Node3D" parent="Elementos/arvores_todas"]
transform = Transform3D(-0.57312, 0, -0.819473, 0, 1, 0, 0.819473, 0, -0.57312, -67.1836, 0, 25.6603)

[node name="arvores_01" type="Node3D" parent="Elementos/arvores_todas/grupo_arvores4"]
transform = Transform3D(1, 0, 0, 0, 1, 0, 0, 0, 1, -8.58, 0, -3.88391)

[node name="arvore_01" parent="Elementos/arvores_todas/grupo_arvores4/arvores_01" instance=ExtResource("1_lmm2k")]
transform = Transform3D(1, 0, 0, 0, 1, 0, 0, 0, 1, -6.47439, 0.813893, 1.95969)

[node name="arvore_02" parent="Elementos/arvores_todas/grupo_arvores4/arvores_01" instance=ExtResource("1_lmm2k")]
transform = Transform3D(0.757941, 0, -0.652323, 0, 1, 0, 0.652323, 0, 0.757941, 1.14935, 0.813893, 1.95969)

[node name="arvore_03" parent="Elementos/arvores_todas/grupo_arvores4/arvores_01" instance=ExtResource("1_lmm2k")]
transform = Transform3D(0.886962, 0, 0.461842, 0, 1, 0, -0.461842, 0, 0.886962, -1.80388, 0.813893, -4.18213)

[node name="arvores_02" type="Node3D" parent="Elementos/arvores_todas/grupo_arvores4"]
transform = Transform3D(0.632827, 0, -0.774293, 0, 1, 0, 0.774293, 0, 0.632827, 3.95738, 0, -2.16139)

[node name="arvore_01" parent="Elementos/arvores_todas/grupo_arvores4/arvores_02" instance=ExtResource("1_lmm2k")]
transform = Transform3D(1, 0, 0, 0, 1, 0, 0, 0, 1, -6.47439, 0.813893, 1.95969)

[node name="arvore_02" parent="Elementos/arvores_todas/grupo_arvores4/arvores_02" instance=ExtResource("1_lmm2k")]
transform = Transform3D(0.757941, 0, -0.652323, 0, 1, 0, 0.652323, 0, 0.757941, 1.14935, 0.813893, 1.95969)

[node name="arvore_03" parent="Elementos/arvores_todas/grupo_arvores4/arvores_02" instance=ExtResource("1_lmm2k")]
transform = Transform3D(0.886962, 0, 0.461842, 0, 1, 0, -0.461842, 0, 0.886962, -1.80388, 0.813893, -4.18213)

[node name="arvores_03" type="Node3D" parent="Elementos/arvores_todas/grupo_arvores4"]
transform = Transform3D(-0.307689, 0, -0.951487, 0, 1, 0, 0.951487, 0, -0.307689, 14.8486, 0, -2.16139)

[node name="arvore_01" parent="Elementos/arvores_todas/grupo_arvores4/arvores_03" instance=ExtResource("1_lmm2k")]
transform = Transform3D(1, 0, 0, 0, 1, 0, 0, 0, 1, -6.47439, 0.813893, 1.95969)

[node name="arvore_02" parent="Elementos/arvores_todas/grupo_arvores4/arvores_03" instance=ExtResource("1_lmm2k")]
transform = Transform3D(0.757941, 0, -0.652323, 0, 1, 0, 0.652323, 0, 0.757941, 1.14935, 0.813893, 1.95969)

[node name="arvore_03" parent="Elementos/arvores_todas/grupo_arvores4/arvores_03" instance=ExtResource("1_lmm2k")]
transform = Transform3D(0.886962, 0, 0.461842, 0, 1, 0, -0.461842, 0, 0.886962, -1.80388, 0.813893, -4.18213)

[node name="grupo_arvores3" type="Node3D" parent="Elementos/arvores_todas"]
transform = Transform3D(0.78226, 0, -0.622952, 0, 1, 0, 0.622952, 0, 0.78226, 34.6496, 0, 9.5298)

[node name="arvores_01" type="Node3D" parent="Elementos/arvores_todas/grupo_arvores3"]
transform = Transform3D(1, 0, 0, 0, 1, 0, 0, 0, 1, -8.58, 0, -3.88391)

[node name="arvore_01" parent="Elementos/arvores_todas/grupo_arvores3/arvores_01" instance=ExtResource("1_lmm2k")]
transform = Transform3D(1, 0, 0, 0, 1, 0, 0, 0, 1, -6.47439, 0.813893, 1.95969)

[node name="arvore_02" parent="Elementos/arvores_todas/grupo_arvores3/arvores_01" instance=ExtResource("1_lmm2k")]
transform = Transform3D(0.757941, 0, -0.652323, 0, 1, 0, 0.652323, 0, 0.757941, 1.14935, 0.813893, 1.95969)

[node name="arvore_03" parent="Elementos/arvores_todas/grupo_arvores3/arvores_01" instance=ExtResource("1_lmm2k")]
transform = Transform3D(0.886962, 0, 0.461842, 0, 1, 0, -0.461842, 0, 0.886962, -1.80388, 0.813893, -4.18213)

[node name="arvores_02" type="Node3D" parent="Elementos/arvores_todas/grupo_arvores3"]
transform = Transform3D(0.632827, 0, -0.774293, 0, 1, 0, 0.774293, 0, 0.632827, 3.95738, 0, -2.16139)

[node name="arvore_01" parent="Elementos/arvores_todas/grupo_arvores3/arvores_02" instance=ExtResource("1_lmm2k")]
transform = Transform3D(1, 0, 0, 0, 1, 0, 0, 0, 1, -6.47439, 0.813893, 1.95969)

[node name="arvore_02" parent="Elementos/arvores_todas/grupo_arvores3/arvores_02" instance=ExtResource("1_lmm2k")]
transform = Transform3D(0.757941, 0, -0.652323, 0, 1, 0, 0.652323, 0, 0.757941, 1.14935, 0.813893, 1.95969)

[node name="arvore_03" parent="Elementos/arvores_todas/grupo_arvores3/arvores_02" instance=ExtResource("1_lmm2k")]
transform = Transform3D(0.886962, 0, 0.461842, 0, 1, 0, -0.461842, 0, 0.886962, -1.80388, 0.813893, -4.18213)

[node name="arvores_03" type="Node3D" parent="Elementos/arvores_todas/grupo_arvores3"]
transform = Transform3D(-0.307689, 0, -0.951487, 0, 1, 0, 0.951487, 0, -0.307689, 14.8486, 0, -2.16139)

[node name="arvore_01" parent="Elementos/arvores_todas/grupo_arvores3/arvores_03" instance=ExtResource("1_lmm2k")]
transform = Transform3D(1, 0, 0, 0, 1, 0, 0, 0, 1, -6.47439, 0.813893, 1.95969)

[node name="arvore_02" parent="Elementos/arvores_todas/grupo_arvores3/arvores_03" instance=ExtResource("1_lmm2k")]
transform = Transform3D(0.757941, 0, -0.652323, 0, 1, 0, 0.652323, 0, 0.757941, 1.14935, 0.813893, 1.95969)

[node name="arvore_03" parent="Elementos/arvores_todas/grupo_arvores3/arvores_03" instance=ExtResource("1_lmm2k")]
transform = Transform3D(0.886962, 0, 0.461842, 0, 1, 0, -0.461842, 0, 0.886962, -1.80388, 0.813893, -4.18213)

[node name="pedras_todas" type="Node3D" parent="Elementos"]

[node name="pedras" type="Node3D" parent="Elementos/pedras_todas"]
transform = Transform3D(0.99884, 0, 0.0481525, 0, 1, 0, -0.0481525, 0, 0.99884, -4.1891, 0, -34.9867)

[node name="pedra" parent="Elementos/pedras_todas/pedras" instance=ExtResource("2_suedx")]
transform = Transform3D(0.67898, 0, -0.734157, 0, 1, 0, 0.734157, 0, 0.67898, -15.6813, 1, -5.69189)

[node name="pedra2" parent="Elementos/pedras_todas/pedras" instance=ExtResource("2_suedx")]
transform = Transform3D(-1.19209e-07, -0.00530568, 0.999986, 6.32486e-10, -0.999986, -0.00530568, 1, 0, 1.3411e-07, -3.99545, 1, -9.23413)

[node name="pedra3" parent="Elementos/pedras_todas/pedras" instance=ExtResource("2_suedx")]
transform = Transform3D(-0.341676, 0, -0.939818, 0, 1, 0, 0.939818, 0, -0.341676, 9.68076, -1.49697, -4.03679)

[node name="pedras2" type="Node3D" parent="Elementos/pedras_todas"]
transform = Transform3D(0.581669, 0, -0.813426, 0, 1, 0, 0.813426, 0, 0.581669, 18.112, 0, -23.7188)

[node name="pedra" parent="Elementos/pedras_todas/pedras2" instance=ExtResource("2_suedx")]
transform = Transform3D(0.67898, 0, -0.734157, 0, 1, 0, 0.734157, 0, 0.67898, -15.6813, 1, -5.69189)

[node name="pedra2" parent="Elementos/pedras_todas/pedras2" instance=ExtResource("2_suedx")]
transform = Transform3D(-1.49012e-07, -0.00530568, 0.999986, 6.32486e-10, -0.999986, -0.00530568, 1, 0, 1.19209e-07, -3.99545, 1, -9.23413)

[node name="pedra3" parent="Elementos/pedras_todas/pedras2" instance=ExtResource("2_suedx")]
transform = Transform3D(-0.341354, 0.28484, -0.895736, 0.00220539, 0.953217, 0.302279, 0.939932, 0.101209, -0.326013, 9.53332, 1.71097, -8.43307)

[node name="pedras3" type="Node3D" parent="Elementos/pedras_todas"]
transform = Transform3D(0.647854, 0, 0.761765, 0, 1, 0, -0.761765, 0, 0.647854, -31.0336, 0, -28.2014)

[node name="pedra" parent="Elementos/pedras_todas/pedras3" instance=ExtResource("2_suedx")]
transform = Transform3D(0.366092, -0.155954, -0.917417, 0.0462125, 0.987688, -0.149458, 0.92943, 0.0123195, 0.368792, -15.6813, 1, -5.69188)

[node name="pedra2" parent="Elementos/pedras_todas/pedras3" instance=ExtResource("2_suedx")]
transform = Transform3D(-1.19208e-07, -0.00530568, 0.999986, 6.32486e-10, -0.999986, -0.00530568, 1, 0, 1.19209e-07, -3.99545, 1, -9.23413)

[node name="pedra3" parent="Elementos/pedras_todas/pedras3" instance=ExtResource("2_suedx")]
transform = Transform3D(-0.341676, 0, -0.939818, 0, 1, 0, 0.939818, 0, -0.341676, 9.68076, -1.49697, -4.03679)

[node name="pedras_menores_4" type="Node3D" parent="Elementos/pedras_todas"]
transform = Transform3D(0.226537, 0, 0.164564, 0, 0.28, 0, -0.164564, 0, 0.226537, -23.4651, -1.43303, -17.99)

[node name="pedra" parent="Elementos/pedras_todas/pedras_menores_4" instance=ExtResource("2_suedx")]
transform = Transform3D(0.364129, 0, -0.931348, 0, 1, 0, 0.931348, 0, 0.364129, -15.6813, 4.14243, -5.69188)

[node name="pedra2" parent="Elementos/pedras_todas/pedras_menores_4" instance=ExtResource("2_suedx")]
transform = Transform3D(-1.19208e-07, -0.00530568, 0.999986, 6.32486e-10, -0.999986, -0.00530568, 1, 0, 1.19209e-07, -3.99545, 1, -9.23413)

[node name="pedra3" parent="Elementos/pedras_todas/pedras_menores_4" instance=ExtResource("2_suedx")]
transform = Transform3D(-0.341676, 0, -0.939818, 0, 1, 0, 0.939818, 0, -0.341676, 9.68076, 0.691473, -4.03679)

[node name="pedras_menores_5" type="Node3D" parent="Elementos/pedras_todas"]
transform = Transform3D(0.279999, 0, -0.000718459, 0, 0.28, 0, 0.000718459, 0, 0.279999, -16.8983, -1.3746, -17.3829)

[node name="pedra" parent="Elementos/pedras_todas/pedras_menores_5" instance=ExtResource("2_suedx")]
transform = Transform3D(0.573891, 0, -0.818932, 0, 1, 0, 0.818932, 0, 0.573891, -6.48283, 1, -18.1936)

[node name="pedra2" parent="Elementos/pedras_todas/pedras_menores_5" instance=ExtResource("2_suedx")]
transform = Transform3D(0.236295, -0.00515543, 0.971668, 6.32486e-10, -0.999986, -0.00530568, 0.971681, 0.00125371, -0.236292, 4.0351, 2.22759, -24.3969)

[node name="pedra3" parent="Elementos/pedras_todas/pedras_menores_5" instance=ExtResource("2_suedx")]
transform = Transform3D(0.0815416, 0.992212, 0.0941699, -0.0619942, -0.0892523, 0.994078, 0.994739, -0.0868969, 0.0542336, 17.3326, 3.63717, -26.7888)

[node name="pedras_menores_6" type="Node3D" parent="Elementos/pedras_todas"]
transform = Transform3D(0.279999, 0, -0.000718459, 0, 0.28, 0, 0.000718459, 0, 0.279999, -3.4652, -1.3746, -22.2645)

[node name="pedra" parent="Elementos/pedras_todas/pedras_menores_6" instance=ExtResource("2_suedx")]
transform = Transform3D(0.265539, 0, -0.9641, 0, 1, 0, 0.9641, 0, 0.265539, -15.6813, 2.3224, -5.6919)

[node name="pedra2" parent="Elementos/pedras_todas/pedras_menores_6" instance=ExtResource("2_suedx")]
transform = Transform3D(-8.9407e-08, -0.00530568, 0.999986, 6.32486e-10, -0.999986, -0.00530568, 1, 0, 8.9407e-08, -3.99545, 1, -9.23413)

[node name="pedra3" parent="Elementos/pedras_todas/pedras_menores_6" instance=ExtResource("2_suedx")]
transform = Transform3D(-0.341676, 0, -0.939818, 0, 1, 0, 0.939818, 0, -0.341676, 9.68076, 0.691472, -4.03679)

[node name="pedras_menores_7" type="Node3D" parent="Elementos/pedras_todas"]
transform = Transform3D(0.247783, 0, -0.130398, 0, 0.28, 0, 0.130398, 0, 0.247783, 6.19012, -1.3746, -19.0548)

[node name="pedra" parent="Elementos/pedras_todas/pedras_menores_7" instance=ExtResource("2_suedx")]
transform = Transform3D(0.265539, 0, -0.9641, 0, 1, 0, 0.9641, 0, 0.265539, -15.6813, 1, -5.69189)

[node name="pedra2" parent="Elementos/pedras_todas/pedras_menores_7" instance=ExtResource("2_suedx")]
transform = Transform3D(-1.19208e-07, -0.00530568, 0.999986, 6.32486e-10, -0.999986, -0.00530568, 1, 0, 1.19209e-07, -3.99545, 1, -9.23413)

[node name="pedra3" parent="Elementos/pedras_todas/pedras_menores_7" instance=ExtResource("2_suedx")]
transform = Transform3D(-0.254691, 0.960762, -0.109863, -0.28533, 0.0338885, 0.95783, 0.92397, 0.275297, 0.265503, 9.91696, 3.13075, -5.80587)

[node name="pedras_menores_8" type="Node3D" parent="Elementos/pedras_todas"]
transform = Transform3D(0.247783, 0, -0.130398, 0, 0.28, 0, 0.130398, 0, 0.247783, 15.6249, -1.3746, -13.1802)

[node name="pedra" parent="Elementos/pedras_todas/pedras_menores_8" instance=ExtResource("2_suedx")]
transform = Transform3D(0.265539, 0, -0.9641, 0, 1, 0, 0.9641, 0, 0.265539, -15.6813, 1, -5.69189)

[node name="pedra2" parent="Elementos/pedras_todas/pedras_menores_8" instance=ExtResource("2_suedx")]
transform = Transform3D(-1.19208e-07, -0.00530568, 0.999986, 6.32486e-10, -0.999986, -0.00530568, 1, 0, 1.19209e-07, -3.99545, 1, -9.23413)

[node name="pedra3" parent="Elementos/pedras_todas/pedras_menores_8" instance=ExtResource("2_suedx")]
transform = Transform3D(-0.341676, 0, -0.939818, 0, 1, 0, 0.939818, 0, -0.341676, 9.68076, 0.691472, -4.03679)

[node name="pedra4" parent="Elementos/pedras_todas/pedras_menores_8" instance=ExtResource("2_suedx")]
transform = Transform3D(0.550496, 0, -0.834839, 0, 1, 0, 0.834839, 0, 0.550496, 25.9709, 0.691473, -6.69604)

[node name="pedra5" parent="Elementos/pedras_todas/pedras_menores_8" instance=ExtResource("2_suedx")]
transform = Transform3D(0.701641, -0.709563, 0.0649687, 0.135362, 0.043218, -0.989854, 0.699556, 0.703315, 0.126371, 37.9173, 3.47828, -17.8748)

[node name="pedras_menores_9" type="Node3D" parent="Elementos/pedras_todas"]
transform = Transform3D(0.211069, 0, 0.183984, 0, 0.28, 0, -0.183984, 0, 0.211069, -31.0294, -1.3746, -12.2284)

[node name="pedra" parent="Elementos/pedras_todas/pedras_menores_9" instance=ExtResource("2_suedx")]
transform = Transform3D(0.105257, 0, -0.994445, 0, 1, 0, 0.994445, 0, 0.105257, -15.6926, 1, -8.26315)

[node name="pedra2" parent="Elementos/pedras_todas/pedras_menores_9" instance=ExtResource("2_suedx")]
transform = Transform3D(-1.19208e-07, -0.00530568, 0.999986, 6.32486e-10, -0.999986, -0.00530568, 1, 0, 1.19209e-07, -3.99545, 1, -9.23413)

[node name="pedra3" parent="Elementos/pedras_todas/pedras_menores_9" instance=ExtResource("2_suedx")]
transform = Transform3D(-0.425512, 0.904952, 0.00103671, -0.0886736, -0.0428347, 0.995139, 0.900598, 0.423352, 0.098472, 9.68077, 3.46288, -4.03682)

[node name="pedra4" parent="Elementos/pedras_todas/pedras_menores_9" instance=ExtResource("2_suedx")]
transform = Transform3D(-0.868329, 0, -0.495989, 0, 1, 0, 0.495989, 0, -0.868329, -39.4666, 0.691473, -27.9508)

[node name="pedra5" parent="Elementos/pedras_todas/pedras_menores_9" instance=ExtResource("2_suedx")]
transform = Transform3D(-0.845904, 0.0204455, 0.532945, 0.009868, -0.998494, 0.0539682, 0.533245, 0.050911, 0.844428, -30.0011, -0.39123, -16.4146)

[node name="pedra_" type="Node3D" parent="Elementos/pedras_todas"]

[node name="luzes" type="Node3D" parent="Elementos"]
transform = Transform3D(1, 0, 0, 0, 1, 0, 0, 0, 1, -1, 2.75, 0)

[node name="Vermelha" type="Node3D" parent="Elementos/luzes"]
transform = Transform3D(1, 0, 5.96046e-08, 0, 1, 0, -5.96046e-08, 0, 1, -17.25, 4.66968, -33)

[node name="Luz" parent="Elementos/luzes/Vermelha" instance=ExtResource("3_g1jaa")]
transform = Transform3D(1, 0, 5.96046e-08, 0, 1, 0, -5.96046e-08, 0, 1, 0.753563, 0, -1.51577)

[node name="Luz2" parent="Elementos/luzes/Vermelha" instance=ExtResource("3_g1jaa")]
transform = Transform3D(1, 0, 5.96046e-08, 0, 1, 0, -5.96046e-08, 0, 1, 10.9628, -2.71571, -5.01365)

[node name="Luz3" parent="Elementos/luzes/Vermelha" instance=ExtResource("3_g1jaa")]
transform = Transform3D(1, 0, 5.96046e-08, 0, 1, 0, -5.96046e-08, 0, 1, 19.1668, -2.71571, -3.14931)

[node name="Luz4" parent="Elementos/luzes/Vermelha" instance=ExtResource("3_g1jaa")]
transform = Transform3D(1, 0, 0, 0, 1, 0, 0, 0, 1, 27.343, -2.71571, 1.1668)

[node name="Luz5" parent="Elementos/luzes/Vermelha" instance=ExtResource("3_g1jaa")]
transform = Transform3D(1, 0, 2.98023e-08, 0, 1, 0, -2.98023e-08, 0, 1, 39.5942, -1.48396, 7.04895)

[node name="Luz6" parent="Elementos/luzes/Vermelha" instance=ExtResource("3_g1jaa")]
transform = Transform3D(1, 0, 0, 0, 1, 0, 0, 0, 1, -12.2621, -1.79156, 2.6434)

[node name="Luz7" parent="Elementos/luzes/Vermelha" instance=ExtResource("3_g1jaa")]
transform = Transform3D(1, 0, 2.98023e-08, 0, 1, 0, -2.98023e-08, 0, 1, -22.6612, 1.129, 16.7058)

[node name="Azul" type="Node3D" parent="Elementos/luzes"]

[node name="arbustos_todos" type="Node3D" parent="Elementos"]

[node name="arbusto_medio" parent="Elementos/arbustos_todos" instance=ExtResource("4_mll7b")]
transform = Transform3D(0.413872, 0, -0.684624, 0, 0.8, 0, 0.684624, 0, 0.413872, -1.94985, 0.819973, -29.9599)

[node name="arbusto_medio2" parent="Elementos/arbustos_todos" instance=ExtResource("4_mll7b")]
transform = Transform3D(0.409586, 0, 0.687196, 0, 0.8, 0, -0.687196, 0, 0.409586, -14.3228, 0.819973, -30.7775)

[node name="arbusto_medio6" parent="Elementos/arbustos_todos" instance=ExtResource("4_mll7b")]
transform = Transform3D(0.634138, 0, 0.487718, 0, 0.8, 0, -0.487718, 0, 0.634138, -19.5499, 0.819973, -26.3782)

[node name="arbusto_medio7" parent="Elementos/arbustos_todos" instance=ExtResource("4_mll7b")]
transform = Transform3D(0.8, 0, 0, 0, 0.8, 0, 0, 0, 0.8, -23.1762, 0.819973, -31.225)

[node name="arbusto_medio8" parent="Elementos/arbustos_todos" instance=ExtResource("4_mll7b")]
transform = Transform3D(0.8, 0, 0, 0, 0.8, 0, 0, 0, 0.8, -30.9959, 0.819973, -23.8915)

[node name="arbusto_medio9" parent="Elementos/arbustos_todos" instance=ExtResource("4_mll7b")]
transform = Transform3D(0.8, 0, 0, 0, 0.8, 0, 0, 0, 0.8, -34.7359, 0.819973, -23.5866)

[node name="arbusto_medio5" parent="Elementos/arbustos_todos" instance=ExtResource("4_mll7b")]
transform = Transform3D(0.282362, 0, -0.748513, 0, 0.8, 0, 0.748513, 0, 0.282362, -17.696, 0.819974, -32.5037)

[node name="arbusto_grande" parent="Elementos/arbustos_todos" instance=ExtResource("4_mll7b")]
transform = Transform3D(0.357726, 0, -0.89086, 0, 0.96, 0, 0.89086, 0, 0.357726, -0.0228968, 0.819972, -21.6569)

[node name="arbusto_grande2" parent="Elementos/arbustos_todos" instance=ExtResource("4_mll7b")]
transform = Transform3D(0.315063, 0, -0.906827, 0, 0.96, 0, 0.906827, 0, 0.315063, -15.0047, 0.819973, -23.7245)

[node name="arbusto_pequeno" parent="Elementos/arbustos_todos" instance=ExtResource("4_mll7b")]
transform = Transform3D(0.664495, 0, -0.0857133, 0, 0.67, 0, 0.0857133, 0, 0.664495, -1.44005, 0.819973, -22.3853)

[node name="arbusto_pequeno2" parent="Elementos/arbustos_todos" instance=ExtResource("4_mll7b")]
transform = Transform3D(0.664495, 0, -0.0857133, 0, 0.67, 0, 0.0857133, 0, 0.664495, -25.2464, 0.819973, -21.6302)
